{
 "cells": [
  {
   "cell_type": "code",
   "execution_count": 1,
   "id": "d1f348c1",
   "metadata": {},
   "outputs": [],
   "source": [
    "import matplotlib.pyplot as plt\n",
    "import seaborn as sns\n",
    "import numpy as np\n",
    "import pandas as pd\n",
    "from sklearn.preprocessing import LabelEncoder"
   ]
  },
  {
   "cell_type": "code",
   "execution_count": 2,
   "id": "35a9e428",
   "metadata": {},
   "outputs": [],
   "source": [
    "plt.rc('font', family = 'AppleGothic') # Mac\n",
    "plt.rc('axes', unicode_minus=False) # 축의 - 깨짐방지"
   ]
  },
  {
   "cell_type": "code",
   "execution_count": 47,
   "id": "e55d5167",
   "metadata": {},
   "outputs": [],
   "source": [
    "asos_df = pd.read_csv('/Volumes/ESD-ISO/project_preson/LSTM/LSTM_data/ASOS_data_preprocessed_V2.csv', index_col=0)"
   ]
  },
  {
   "cell_type": "code",
   "execution_count": 29,
   "id": "b7f3821a",
   "metadata": {},
   "outputs": [
    {
     "data": {
      "text/html": [
       "<div>\n",
       "<style scoped>\n",
       "    .dataframe tbody tr th:only-of-type {\n",
       "        vertical-align: middle;\n",
       "    }\n",
       "\n",
       "    .dataframe tbody tr th {\n",
       "        vertical-align: top;\n",
       "    }\n",
       "\n",
       "    .dataframe thead th {\n",
       "        text-align: right;\n",
       "    }\n",
       "</style>\n",
       "<table border=\"1\" class=\"dataframe\">\n",
       "  <thead>\n",
       "    <tr style=\"text-align: right;\">\n",
       "      <th></th>\n",
       "      <th>tm</th>\n",
       "      <th>hm</th>\n",
       "      <th>pv</th>\n",
       "      <th>ps</th>\n",
       "      <th>td</th>\n",
       "      <th>pa</th>\n",
       "      <th>dc10Tca</th>\n",
       "      <th>clfmAbbrCd</th>\n",
       "      <th>lcsCh</th>\n",
       "      <th>m005Te</th>\n",
       "      <th>m01Te</th>\n",
       "      <th>m02Te</th>\n",
       "      <th>m03Te</th>\n",
       "      <th>vs</th>\n",
       "      <th>ws</th>\n",
       "      <th>wd</th>\n",
       "      <th>rn</th>\n",
       "      <th>rainy_day</th>\n",
       "    </tr>\n",
       "  </thead>\n",
       "  <tbody>\n",
       "    <tr>\n",
       "      <th>0</th>\n",
       "      <td>1980-01-05 03:00</td>\n",
       "      <td>57.0</td>\n",
       "      <td>1.9</td>\n",
       "      <td>1027.9</td>\n",
       "      <td>-15.1</td>\n",
       "      <td>1016.4</td>\n",
       "      <td>0.0</td>\n",
       "      <td>no_cloud</td>\n",
       "      <td>0.0</td>\n",
       "      <td>-3.6</td>\n",
       "      <td>0.6</td>\n",
       "      <td>1.3</td>\n",
       "      <td>1.3</td>\n",
       "      <td>3000.0</td>\n",
       "      <td>2.0</td>\n",
       "      <td>250.0</td>\n",
       "      <td>0.0</td>\n",
       "      <td>0</td>\n",
       "    </tr>\n",
       "    <tr>\n",
       "      <th>1</th>\n",
       "      <td>1980-01-05 09:00</td>\n",
       "      <td>49.0</td>\n",
       "      <td>1.6</td>\n",
       "      <td>1028.2</td>\n",
       "      <td>-17.1</td>\n",
       "      <td>1016.7</td>\n",
       "      <td>0.0</td>\n",
       "      <td>no_cloud</td>\n",
       "      <td>0.0</td>\n",
       "      <td>-5.2</td>\n",
       "      <td>-0.5</td>\n",
       "      <td>0.9</td>\n",
       "      <td>1.1</td>\n",
       "      <td>1500.0</td>\n",
       "      <td>1.2</td>\n",
       "      <td>290.0</td>\n",
       "      <td>0.0</td>\n",
       "      <td>0</td>\n",
       "    </tr>\n",
       "    <tr>\n",
       "      <th>2</th>\n",
       "      <td>1980-01-05 15:00</td>\n",
       "      <td>41.0</td>\n",
       "      <td>2.2</td>\n",
       "      <td>1025.0</td>\n",
       "      <td>-13.3</td>\n",
       "      <td>1013.8</td>\n",
       "      <td>0.0</td>\n",
       "      <td>no_cloud</td>\n",
       "      <td>0.0</td>\n",
       "      <td>-0.1</td>\n",
       "      <td>0.2</td>\n",
       "      <td>1.0</td>\n",
       "      <td>1.0</td>\n",
       "      <td>2000.0</td>\n",
       "      <td>3.0</td>\n",
       "      <td>230.0</td>\n",
       "      <td>0.0</td>\n",
       "      <td>0</td>\n",
       "    </tr>\n",
       "    <tr>\n",
       "      <th>3</th>\n",
       "      <td>1980-01-05 21:00</td>\n",
       "      <td>64.0</td>\n",
       "      <td>3.1</td>\n",
       "      <td>1022.9</td>\n",
       "      <td>-9.0</td>\n",
       "      <td>1011.7</td>\n",
       "      <td>10.0</td>\n",
       "      <td>ScNs</td>\n",
       "      <td>0.0</td>\n",
       "      <td>-0.6</td>\n",
       "      <td>-0.3</td>\n",
       "      <td>1.0</td>\n",
       "      <td>1.0</td>\n",
       "      <td>2000.0</td>\n",
       "      <td>0.7</td>\n",
       "      <td>90.0</td>\n",
       "      <td>0.0</td>\n",
       "      <td>0</td>\n",
       "    </tr>\n",
       "    <tr>\n",
       "      <th>4</th>\n",
       "      <td>1980-01-06 03:00</td>\n",
       "      <td>92.0</td>\n",
       "      <td>4.3</td>\n",
       "      <td>1021.3</td>\n",
       "      <td>-4.7</td>\n",
       "      <td>1010.2</td>\n",
       "      <td>10.0</td>\n",
       "      <td>As</td>\n",
       "      <td>0.0</td>\n",
       "      <td>-0.7</td>\n",
       "      <td>0.3</td>\n",
       "      <td>0.9</td>\n",
       "      <td>0.8</td>\n",
       "      <td>2000.0</td>\n",
       "      <td>1.0</td>\n",
       "      <td>20.0</td>\n",
       "      <td>0.0</td>\n",
       "      <td>0</td>\n",
       "    </tr>\n",
       "    <tr>\n",
       "      <th>...</th>\n",
       "      <td>...</td>\n",
       "      <td>...</td>\n",
       "      <td>...</td>\n",
       "      <td>...</td>\n",
       "      <td>...</td>\n",
       "      <td>...</td>\n",
       "      <td>...</td>\n",
       "      <td>...</td>\n",
       "      <td>...</td>\n",
       "      <td>...</td>\n",
       "      <td>...</td>\n",
       "      <td>...</td>\n",
       "      <td>...</td>\n",
       "      <td>...</td>\n",
       "      <td>...</td>\n",
       "      <td>...</td>\n",
       "      <td>...</td>\n",
       "      <td>...</td>\n",
       "    </tr>\n",
       "    <tr>\n",
       "      <th>43648</th>\n",
       "      <td>2024-12-30 21:00:00</td>\n",
       "      <td>67.0</td>\n",
       "      <td>6.1</td>\n",
       "      <td>1016.0</td>\n",
       "      <td>0.0</td>\n",
       "      <td>1005.4</td>\n",
       "      <td>6.0</td>\n",
       "      <td>Ci</td>\n",
       "      <td>2.0</td>\n",
       "      <td>-0.1</td>\n",
       "      <td>-0.3</td>\n",
       "      <td>0.8</td>\n",
       "      <td>1.7</td>\n",
       "      <td>1053.0</td>\n",
       "      <td>2.7</td>\n",
       "      <td>270.0</td>\n",
       "      <td>0.0</td>\n",
       "      <td>0</td>\n",
       "    </tr>\n",
       "    <tr>\n",
       "      <th>43649</th>\n",
       "      <td>2024-12-30 22:00:00</td>\n",
       "      <td>71.0</td>\n",
       "      <td>6.1</td>\n",
       "      <td>1016.2</td>\n",
       "      <td>0.0</td>\n",
       "      <td>1005.6</td>\n",
       "      <td>0.0</td>\n",
       "      <td>no_clouds</td>\n",
       "      <td>0.0</td>\n",
       "      <td>-0.1</td>\n",
       "      <td>-0.3</td>\n",
       "      <td>0.8</td>\n",
       "      <td>1.7</td>\n",
       "      <td>906.0</td>\n",
       "      <td>2.4</td>\n",
       "      <td>270.0</td>\n",
       "      <td>0.0</td>\n",
       "      <td>0</td>\n",
       "    </tr>\n",
       "    <tr>\n",
       "      <th>43650</th>\n",
       "      <td>2024-12-30 23:00:00</td>\n",
       "      <td>75.0</td>\n",
       "      <td>6.1</td>\n",
       "      <td>1016.0</td>\n",
       "      <td>0.0</td>\n",
       "      <td>1005.4</td>\n",
       "      <td>0.0</td>\n",
       "      <td>no_clouds</td>\n",
       "      <td>0.0</td>\n",
       "      <td>-0.1</td>\n",
       "      <td>-0.3</td>\n",
       "      <td>0.8</td>\n",
       "      <td>1.7</td>\n",
       "      <td>754.0</td>\n",
       "      <td>0.7</td>\n",
       "      <td>250.0</td>\n",
       "      <td>0.0</td>\n",
       "      <td>0</td>\n",
       "    </tr>\n",
       "    <tr>\n",
       "      <th>43651</th>\n",
       "      <td>2024-12-31 00:00:00</td>\n",
       "      <td>81.0</td>\n",
       "      <td>7.0</td>\n",
       "      <td>1015.8</td>\n",
       "      <td>1.8</td>\n",
       "      <td>1005.2</td>\n",
       "      <td>9.0</td>\n",
       "      <td>no_clouds</td>\n",
       "      <td>0.0</td>\n",
       "      <td>-0.1</td>\n",
       "      <td>-0.3</td>\n",
       "      <td>0.8</td>\n",
       "      <td>1.7</td>\n",
       "      <td>563.0</td>\n",
       "      <td>2.3</td>\n",
       "      <td>250.0</td>\n",
       "      <td>0.0</td>\n",
       "      <td>0</td>\n",
       "    </tr>\n",
       "    <tr>\n",
       "      <th>43652</th>\n",
       "      <td>2024-12-31 01:00:00</td>\n",
       "      <td>65.0</td>\n",
       "      <td>5.2</td>\n",
       "      <td>1016.2</td>\n",
       "      <td>-2.1</td>\n",
       "      <td>1005.6</td>\n",
       "      <td>0.0</td>\n",
       "      <td>no_clouds</td>\n",
       "      <td>0.0</td>\n",
       "      <td>-0.1</td>\n",
       "      <td>-0.3</td>\n",
       "      <td>0.8</td>\n",
       "      <td>1.7</td>\n",
       "      <td>909.0</td>\n",
       "      <td>2.5</td>\n",
       "      <td>270.0</td>\n",
       "      <td>0.0</td>\n",
       "      <td>0</td>\n",
       "    </tr>\n",
       "  </tbody>\n",
       "</table>\n",
       "<p>60794 rows × 18 columns</p>\n",
       "</div>"
      ],
      "text/plain": [
       "                        tm    hm   pv      ps    td      pa  dc10Tca  \\\n",
       "0         1980-01-05 03:00  57.0  1.9  1027.9 -15.1  1016.4      0.0   \n",
       "1         1980-01-05 09:00  49.0  1.6  1028.2 -17.1  1016.7      0.0   \n",
       "2         1980-01-05 15:00  41.0  2.2  1025.0 -13.3  1013.8      0.0   \n",
       "3         1980-01-05 21:00  64.0  3.1  1022.9  -9.0  1011.7     10.0   \n",
       "4         1980-01-06 03:00  92.0  4.3  1021.3  -4.7  1010.2     10.0   \n",
       "...                    ...   ...  ...     ...   ...     ...      ...   \n",
       "43648  2024-12-30 21:00:00  67.0  6.1  1016.0   0.0  1005.4      6.0   \n",
       "43649  2024-12-30 22:00:00  71.0  6.1  1016.2   0.0  1005.6      0.0   \n",
       "43650  2024-12-30 23:00:00  75.0  6.1  1016.0   0.0  1005.4      0.0   \n",
       "43651  2024-12-31 00:00:00  81.0  7.0  1015.8   1.8  1005.2      9.0   \n",
       "43652  2024-12-31 01:00:00  65.0  5.2  1016.2  -2.1  1005.6      0.0   \n",
       "\n",
       "      clfmAbbrCd  lcsCh  m005Te  m01Te  m02Te  m03Te      vs   ws     wd   rn  \\\n",
       "0       no_cloud    0.0    -3.6    0.6    1.3    1.3  3000.0  2.0  250.0  0.0   \n",
       "1       no_cloud    0.0    -5.2   -0.5    0.9    1.1  1500.0  1.2  290.0  0.0   \n",
       "2       no_cloud    0.0    -0.1    0.2    1.0    1.0  2000.0  3.0  230.0  0.0   \n",
       "3           ScNs    0.0    -0.6   -0.3    1.0    1.0  2000.0  0.7   90.0  0.0   \n",
       "4             As    0.0    -0.7    0.3    0.9    0.8  2000.0  1.0   20.0  0.0   \n",
       "...          ...    ...     ...    ...    ...    ...     ...  ...    ...  ...   \n",
       "43648         Ci    2.0    -0.1   -0.3    0.8    1.7  1053.0  2.7  270.0  0.0   \n",
       "43649  no_clouds    0.0    -0.1   -0.3    0.8    1.7   906.0  2.4  270.0  0.0   \n",
       "43650  no_clouds    0.0    -0.1   -0.3    0.8    1.7   754.0  0.7  250.0  0.0   \n",
       "43651  no_clouds    0.0    -0.1   -0.3    0.8    1.7   563.0  2.3  250.0  0.0   \n",
       "43652  no_clouds    0.0    -0.1   -0.3    0.8    1.7   909.0  2.5  270.0  0.0   \n",
       "\n",
       "       rainy_day  \n",
       "0              0  \n",
       "1              0  \n",
       "2              0  \n",
       "3              0  \n",
       "4              0  \n",
       "...          ...  \n",
       "43648          0  \n",
       "43649          0  \n",
       "43650          0  \n",
       "43651          0  \n",
       "43652          0  \n",
       "\n",
       "[60794 rows x 18 columns]"
      ]
     },
     "execution_count": 29,
     "metadata": {},
     "output_type": "execute_result"
    }
   ],
   "source": [
    "asos_df"
   ]
  },
  {
   "cell_type": "code",
   "execution_count": 30,
   "id": "beac9f64",
   "metadata": {},
   "outputs": [],
   "source": [
    "# 운형 라벨인코딩\n",
    "encoder = LabelEncoder()\n",
    "asos_df.clfmAbbrCd = encoder.fit_transform(asos_df.clfmAbbrCd)\n",
    "\n",
    "# datetime형으로 시간 변환\n",
    "asos_df['tm'] = pd.to_datetime(asos_df['tm'])\n",
    "\n",
    "# corr을 위한 datetime을 초단위 int형으로 변환\n",
    "asos_df['tm'] = asos_df['tm'].astype('int64') // 10**9"
   ]
  },
  {
   "cell_type": "code",
   "execution_count": 46,
   "id": "5176decd",
   "metadata": {},
   "outputs": [
    {
     "name": "stdout",
     "output_type": "stream",
     "text": [
      "<class 'pandas.core.frame.DataFrame'>\n",
      "Int64Index: 60794 entries, 0 to 43652\n",
      "Data columns (total 18 columns):\n",
      " #   Column      Non-Null Count  Dtype         \n",
      "---  ------      --------------  -----         \n",
      " 0   tm          60794 non-null  datetime64[ns]\n",
      " 1   hm          60794 non-null  float64       \n",
      " 2   pv          60794 non-null  float64       \n",
      " 3   ps          60790 non-null  float64       \n",
      " 4   td          60794 non-null  float64       \n",
      " 5   pa          60794 non-null  float64       \n",
      " 6   dc10Tca     60774 non-null  float64       \n",
      " 7   clfmAbbrCd  60794 non-null  int64         \n",
      " 8   lcsCh       60794 non-null  float64       \n",
      " 9   m005Te      60794 non-null  float64       \n",
      " 10  m01Te       60794 non-null  float64       \n",
      " 11  m02Te       60794 non-null  float64       \n",
      " 12  m03Te       60794 non-null  float64       \n",
      " 13  vs          60794 non-null  float64       \n",
      " 14  ws          60793 non-null  float64       \n",
      " 15  wd          60794 non-null  float64       \n",
      " 16  rn          60794 non-null  float64       \n",
      " 17  rainy_day   60794 non-null  int64         \n",
      "dtypes: datetime64[ns](1), float64(15), int64(2)\n",
      "memory usage: 8.8 MB\n"
     ]
    }
   ],
   "source": [
    "asos_df.info()"
   ]
  },
  {
   "cell_type": "code",
   "execution_count": 32,
   "id": "b3a04dfe",
   "metadata": {},
   "outputs": [
    {
     "data": {
      "text/html": [
       "<div>\n",
       "<style scoped>\n",
       "    .dataframe tbody tr th:only-of-type {\n",
       "        vertical-align: middle;\n",
       "    }\n",
       "\n",
       "    .dataframe tbody tr th {\n",
       "        vertical-align: top;\n",
       "    }\n",
       "\n",
       "    .dataframe thead th {\n",
       "        text-align: right;\n",
       "    }\n",
       "</style>\n",
       "<table border=\"1\" class=\"dataframe\">\n",
       "  <thead>\n",
       "    <tr style=\"text-align: right;\">\n",
       "      <th></th>\n",
       "      <th>tm</th>\n",
       "      <th>hm</th>\n",
       "      <th>pv</th>\n",
       "      <th>ps</th>\n",
       "      <th>td</th>\n",
       "      <th>pa</th>\n",
       "      <th>dc10Tca</th>\n",
       "      <th>clfmAbbrCd</th>\n",
       "      <th>lcsCh</th>\n",
       "      <th>m005Te</th>\n",
       "      <th>m01Te</th>\n",
       "      <th>m02Te</th>\n",
       "      <th>m03Te</th>\n",
       "      <th>vs</th>\n",
       "      <th>ws</th>\n",
       "      <th>wd</th>\n",
       "      <th>rn</th>\n",
       "      <th>rainy_day</th>\n",
       "    </tr>\n",
       "  </thead>\n",
       "  <tbody>\n",
       "    <tr>\n",
       "      <th>tm</th>\n",
       "      <td>1.000000</td>\n",
       "      <td>-0.017710</td>\n",
       "      <td>0.083613</td>\n",
       "      <td>-0.033877</td>\n",
       "      <td>0.078575</td>\n",
       "      <td>-0.019446</td>\n",
       "      <td>-0.027476</td>\n",
       "      <td>0.096037</td>\n",
       "      <td>-0.011200</td>\n",
       "      <td>0.092203</td>\n",
       "      <td>0.080022</td>\n",
       "      <td>0.077289</td>\n",
       "      <td>0.092018</td>\n",
       "      <td>0.381531</td>\n",
       "      <td>-0.054757</td>\n",
       "      <td>0.000285</td>\n",
       "      <td>-0.007690</td>\n",
       "      <td>-0.039639</td>\n",
       "    </tr>\n",
       "    <tr>\n",
       "      <th>hm</th>\n",
       "      <td>-0.017710</td>\n",
       "      <td>1.000000</td>\n",
       "      <td>0.510556</td>\n",
       "      <td>-0.364929</td>\n",
       "      <td>0.538134</td>\n",
       "      <td>-0.370434</td>\n",
       "      <td>0.389066</td>\n",
       "      <td>0.071435</td>\n",
       "      <td>0.000309</td>\n",
       "      <td>0.203909</td>\n",
       "      <td>0.251671</td>\n",
       "      <td>0.290008</td>\n",
       "      <td>0.311559</td>\n",
       "      <td>-0.397847</td>\n",
       "      <td>-0.240412</td>\n",
       "      <td>-0.233519</td>\n",
       "      <td>0.202732</td>\n",
       "      <td>0.373020</td>\n",
       "    </tr>\n",
       "    <tr>\n",
       "      <th>pv</th>\n",
       "      <td>0.083613</td>\n",
       "      <td>0.510556</td>\n",
       "      <td>1.000000</td>\n",
       "      <td>-0.770817</td>\n",
       "      <td>0.949840</td>\n",
       "      <td>-0.755286</td>\n",
       "      <td>0.372331</td>\n",
       "      <td>-0.100588</td>\n",
       "      <td>0.133441</td>\n",
       "      <td>0.872108</td>\n",
       "      <td>0.888859</td>\n",
       "      <td>0.889943</td>\n",
       "      <td>0.890075</td>\n",
       "      <td>-0.079247</td>\n",
       "      <td>-0.082268</td>\n",
       "      <td>-0.140467</td>\n",
       "      <td>0.141210</td>\n",
       "      <td>0.216947</td>\n",
       "    </tr>\n",
       "    <tr>\n",
       "      <th>ps</th>\n",
       "      <td>-0.033877</td>\n",
       "      <td>-0.364929</td>\n",
       "      <td>-0.770817</td>\n",
       "      <td>1.000000</td>\n",
       "      <td>-0.793756</td>\n",
       "      <td>0.999300</td>\n",
       "      <td>-0.383942</td>\n",
       "      <td>0.091182</td>\n",
       "      <td>-0.128538</td>\n",
       "      <td>-0.771398</td>\n",
       "      <td>-0.775603</td>\n",
       "      <td>-0.766152</td>\n",
       "      <td>-0.752438</td>\n",
       "      <td>0.104085</td>\n",
       "      <td>-0.093170</td>\n",
       "      <td>0.045258</td>\n",
       "      <td>-0.145839</td>\n",
       "      <td>-0.239686</td>\n",
       "    </tr>\n",
       "    <tr>\n",
       "      <th>td</th>\n",
       "      <td>0.078575</td>\n",
       "      <td>0.538134</td>\n",
       "      <td>0.949840</td>\n",
       "      <td>-0.793756</td>\n",
       "      <td>1.000000</td>\n",
       "      <td>-0.776052</td>\n",
       "      <td>0.397036</td>\n",
       "      <td>-0.131728</td>\n",
       "      <td>0.162569</td>\n",
       "      <td>0.900997</td>\n",
       "      <td>0.913649</td>\n",
       "      <td>0.913293</td>\n",
       "      <td>0.910160</td>\n",
       "      <td>-0.111317</td>\n",
       "      <td>-0.102750</td>\n",
       "      <td>-0.185966</td>\n",
       "      <td>0.125079</td>\n",
       "      <td>0.204446</td>\n",
       "    </tr>\n",
       "    <tr>\n",
       "      <th>pa</th>\n",
       "      <td>-0.019446</td>\n",
       "      <td>-0.370434</td>\n",
       "      <td>-0.755286</td>\n",
       "      <td>0.999300</td>\n",
       "      <td>-0.776052</td>\n",
       "      <td>1.000000</td>\n",
       "      <td>-0.383866</td>\n",
       "      <td>0.086020</td>\n",
       "      <td>-0.123521</td>\n",
       "      <td>-0.750630</td>\n",
       "      <td>-0.755638</td>\n",
       "      <td>-0.746835</td>\n",
       "      <td>-0.733176</td>\n",
       "      <td>0.113531</td>\n",
       "      <td>-0.098041</td>\n",
       "      <td>0.040877</td>\n",
       "      <td>-0.148221</td>\n",
       "      <td>-0.244836</td>\n",
       "    </tr>\n",
       "    <tr>\n",
       "      <th>dc10Tca</th>\n",
       "      <td>-0.027476</td>\n",
       "      <td>0.389066</td>\n",
       "      <td>0.372331</td>\n",
       "      <td>-0.383942</td>\n",
       "      <td>0.397036</td>\n",
       "      <td>-0.383866</td>\n",
       "      <td>1.000000</td>\n",
       "      <td>-0.378379</td>\n",
       "      <td>0.394061</td>\n",
       "      <td>0.261530</td>\n",
       "      <td>0.258947</td>\n",
       "      <td>0.253096</td>\n",
       "      <td>0.251400</td>\n",
       "      <td>-0.211142</td>\n",
       "      <td>0.030093</td>\n",
       "      <td>-0.191577</td>\n",
       "      <td>0.162981</td>\n",
       "      <td>0.325956</td>\n",
       "    </tr>\n",
       "    <tr>\n",
       "      <th>clfmAbbrCd</th>\n",
       "      <td>0.096037</td>\n",
       "      <td>0.071435</td>\n",
       "      <td>-0.100588</td>\n",
       "      <td>0.091182</td>\n",
       "      <td>-0.131728</td>\n",
       "      <td>0.086020</td>\n",
       "      <td>-0.378379</td>\n",
       "      <td>1.000000</td>\n",
       "      <td>-0.722741</td>\n",
       "      <td>-0.151002</td>\n",
       "      <td>-0.140361</td>\n",
       "      <td>-0.130352</td>\n",
       "      <td>-0.124913</td>\n",
       "      <td>-0.008604</td>\n",
       "      <td>0.021010</td>\n",
       "      <td>0.106591</td>\n",
       "      <td>0.052740</td>\n",
       "      <td>0.126300</td>\n",
       "    </tr>\n",
       "    <tr>\n",
       "      <th>lcsCh</th>\n",
       "      <td>-0.011200</td>\n",
       "      <td>0.000309</td>\n",
       "      <td>0.133441</td>\n",
       "      <td>-0.128538</td>\n",
       "      <td>0.162569</td>\n",
       "      <td>-0.123521</td>\n",
       "      <td>0.394061</td>\n",
       "      <td>-0.722741</td>\n",
       "      <td>1.000000</td>\n",
       "      <td>0.158325</td>\n",
       "      <td>0.153426</td>\n",
       "      <td>0.148959</td>\n",
       "      <td>0.148795</td>\n",
       "      <td>0.021016</td>\n",
       "      <td>-0.013731</td>\n",
       "      <td>-0.145050</td>\n",
       "      <td>-0.039454</td>\n",
       "      <td>-0.059932</td>\n",
       "    </tr>\n",
       "    <tr>\n",
       "      <th>m005Te</th>\n",
       "      <td>0.092203</td>\n",
       "      <td>0.203909</td>\n",
       "      <td>0.872108</td>\n",
       "      <td>-0.771398</td>\n",
       "      <td>0.900997</td>\n",
       "      <td>-0.750630</td>\n",
       "      <td>0.261530</td>\n",
       "      <td>-0.151002</td>\n",
       "      <td>0.158325</td>\n",
       "      <td>1.000000</td>\n",
       "      <td>0.991966</td>\n",
       "      <td>0.976659</td>\n",
       "      <td>0.964622</td>\n",
       "      <td>0.058069</td>\n",
       "      <td>0.012630</td>\n",
       "      <td>-0.080746</td>\n",
       "      <td>0.069153</td>\n",
       "      <td>0.099368</td>\n",
       "    </tr>\n",
       "    <tr>\n",
       "      <th>m01Te</th>\n",
       "      <td>0.080022</td>\n",
       "      <td>0.251671</td>\n",
       "      <td>0.888859</td>\n",
       "      <td>-0.775603</td>\n",
       "      <td>0.913649</td>\n",
       "      <td>-0.755638</td>\n",
       "      <td>0.258947</td>\n",
       "      <td>-0.140361</td>\n",
       "      <td>0.153426</td>\n",
       "      <td>0.991966</td>\n",
       "      <td>1.000000</td>\n",
       "      <td>0.992494</td>\n",
       "      <td>0.984812</td>\n",
       "      <td>0.054870</td>\n",
       "      <td>-0.019496</td>\n",
       "      <td>-0.093077</td>\n",
       "      <td>0.075734</td>\n",
       "      <td>0.109226</td>\n",
       "    </tr>\n",
       "    <tr>\n",
       "      <th>m02Te</th>\n",
       "      <td>0.077289</td>\n",
       "      <td>0.290008</td>\n",
       "      <td>0.889943</td>\n",
       "      <td>-0.766152</td>\n",
       "      <td>0.913293</td>\n",
       "      <td>-0.746835</td>\n",
       "      <td>0.253096</td>\n",
       "      <td>-0.130352</td>\n",
       "      <td>0.148959</td>\n",
       "      <td>0.976659</td>\n",
       "      <td>0.992494</td>\n",
       "      <td>1.000000</td>\n",
       "      <td>0.996331</td>\n",
       "      <td>0.051633</td>\n",
       "      <td>-0.051001</td>\n",
       "      <td>-0.111519</td>\n",
       "      <td>0.080767</td>\n",
       "      <td>0.117273</td>\n",
       "    </tr>\n",
       "    <tr>\n",
       "      <th>m03Te</th>\n",
       "      <td>0.092018</td>\n",
       "      <td>0.311559</td>\n",
       "      <td>0.890075</td>\n",
       "      <td>-0.752438</td>\n",
       "      <td>0.910160</td>\n",
       "      <td>-0.733176</td>\n",
       "      <td>0.251400</td>\n",
       "      <td>-0.124913</td>\n",
       "      <td>0.148795</td>\n",
       "      <td>0.964622</td>\n",
       "      <td>0.984812</td>\n",
       "      <td>0.996331</td>\n",
       "      <td>1.000000</td>\n",
       "      <td>0.059505</td>\n",
       "      <td>-0.067203</td>\n",
       "      <td>-0.127137</td>\n",
       "      <td>0.084344</td>\n",
       "      <td>0.122639</td>\n",
       "    </tr>\n",
       "    <tr>\n",
       "      <th>vs</th>\n",
       "      <td>0.381531</td>\n",
       "      <td>-0.397847</td>\n",
       "      <td>-0.079247</td>\n",
       "      <td>0.104085</td>\n",
       "      <td>-0.111317</td>\n",
       "      <td>0.113531</td>\n",
       "      <td>-0.211142</td>\n",
       "      <td>-0.008604</td>\n",
       "      <td>0.021016</td>\n",
       "      <td>0.058069</td>\n",
       "      <td>0.054870</td>\n",
       "      <td>0.051633</td>\n",
       "      <td>0.059505</td>\n",
       "      <td>1.000000</td>\n",
       "      <td>0.124418</td>\n",
       "      <td>0.024144</td>\n",
       "      <td>-0.163462</td>\n",
       "      <td>-0.257490</td>\n",
       "    </tr>\n",
       "    <tr>\n",
       "      <th>ws</th>\n",
       "      <td>-0.054757</td>\n",
       "      <td>-0.240412</td>\n",
       "      <td>-0.082268</td>\n",
       "      <td>-0.093170</td>\n",
       "      <td>-0.102750</td>\n",
       "      <td>-0.098041</td>\n",
       "      <td>0.030093</td>\n",
       "      <td>0.021010</td>\n",
       "      <td>-0.013731</td>\n",
       "      <td>0.012630</td>\n",
       "      <td>-0.019496</td>\n",
       "      <td>-0.051001</td>\n",
       "      <td>-0.067203</td>\n",
       "      <td>0.124418</td>\n",
       "      <td>1.000000</td>\n",
       "      <td>0.221925</td>\n",
       "      <td>0.055865</td>\n",
       "      <td>0.061197</td>\n",
       "    </tr>\n",
       "    <tr>\n",
       "      <th>wd</th>\n",
       "      <td>0.000285</td>\n",
       "      <td>-0.233519</td>\n",
       "      <td>-0.140467</td>\n",
       "      <td>0.045258</td>\n",
       "      <td>-0.185966</td>\n",
       "      <td>0.040877</td>\n",
       "      <td>-0.191577</td>\n",
       "      <td>0.106591</td>\n",
       "      <td>-0.145050</td>\n",
       "      <td>-0.080746</td>\n",
       "      <td>-0.093077</td>\n",
       "      <td>-0.111519</td>\n",
       "      <td>-0.127137</td>\n",
       "      <td>0.024144</td>\n",
       "      <td>0.221925</td>\n",
       "      <td>1.000000</td>\n",
       "      <td>-0.043261</td>\n",
       "      <td>-0.100197</td>\n",
       "    </tr>\n",
       "    <tr>\n",
       "      <th>rn</th>\n",
       "      <td>-0.007690</td>\n",
       "      <td>0.202732</td>\n",
       "      <td>0.141210</td>\n",
       "      <td>-0.145839</td>\n",
       "      <td>0.125079</td>\n",
       "      <td>-0.148221</td>\n",
       "      <td>0.162981</td>\n",
       "      <td>0.052740</td>\n",
       "      <td>-0.039454</td>\n",
       "      <td>0.069153</td>\n",
       "      <td>0.075734</td>\n",
       "      <td>0.080767</td>\n",
       "      <td>0.084344</td>\n",
       "      <td>-0.163462</td>\n",
       "      <td>0.055865</td>\n",
       "      <td>-0.043261</td>\n",
       "      <td>1.000000</td>\n",
       "      <td>0.487327</td>\n",
       "    </tr>\n",
       "    <tr>\n",
       "      <th>rainy_day</th>\n",
       "      <td>-0.039639</td>\n",
       "      <td>0.373020</td>\n",
       "      <td>0.216947</td>\n",
       "      <td>-0.239686</td>\n",
       "      <td>0.204446</td>\n",
       "      <td>-0.244836</td>\n",
       "      <td>0.325956</td>\n",
       "      <td>0.126300</td>\n",
       "      <td>-0.059932</td>\n",
       "      <td>0.099368</td>\n",
       "      <td>0.109226</td>\n",
       "      <td>0.117273</td>\n",
       "      <td>0.122639</td>\n",
       "      <td>-0.257490</td>\n",
       "      <td>0.061197</td>\n",
       "      <td>-0.100197</td>\n",
       "      <td>0.487327</td>\n",
       "      <td>1.000000</td>\n",
       "    </tr>\n",
       "  </tbody>\n",
       "</table>\n",
       "</div>"
      ],
      "text/plain": [
       "                  tm        hm        pv        ps        td        pa  \\\n",
       "tm          1.000000 -0.017710  0.083613 -0.033877  0.078575 -0.019446   \n",
       "hm         -0.017710  1.000000  0.510556 -0.364929  0.538134 -0.370434   \n",
       "pv          0.083613  0.510556  1.000000 -0.770817  0.949840 -0.755286   \n",
       "ps         -0.033877 -0.364929 -0.770817  1.000000 -0.793756  0.999300   \n",
       "td          0.078575  0.538134  0.949840 -0.793756  1.000000 -0.776052   \n",
       "pa         -0.019446 -0.370434 -0.755286  0.999300 -0.776052  1.000000   \n",
       "dc10Tca    -0.027476  0.389066  0.372331 -0.383942  0.397036 -0.383866   \n",
       "clfmAbbrCd  0.096037  0.071435 -0.100588  0.091182 -0.131728  0.086020   \n",
       "lcsCh      -0.011200  0.000309  0.133441 -0.128538  0.162569 -0.123521   \n",
       "m005Te      0.092203  0.203909  0.872108 -0.771398  0.900997 -0.750630   \n",
       "m01Te       0.080022  0.251671  0.888859 -0.775603  0.913649 -0.755638   \n",
       "m02Te       0.077289  0.290008  0.889943 -0.766152  0.913293 -0.746835   \n",
       "m03Te       0.092018  0.311559  0.890075 -0.752438  0.910160 -0.733176   \n",
       "vs          0.381531 -0.397847 -0.079247  0.104085 -0.111317  0.113531   \n",
       "ws         -0.054757 -0.240412 -0.082268 -0.093170 -0.102750 -0.098041   \n",
       "wd          0.000285 -0.233519 -0.140467  0.045258 -0.185966  0.040877   \n",
       "rn         -0.007690  0.202732  0.141210 -0.145839  0.125079 -0.148221   \n",
       "rainy_day  -0.039639  0.373020  0.216947 -0.239686  0.204446 -0.244836   \n",
       "\n",
       "             dc10Tca  clfmAbbrCd     lcsCh    m005Te     m01Te     m02Te  \\\n",
       "tm         -0.027476    0.096037 -0.011200  0.092203  0.080022  0.077289   \n",
       "hm          0.389066    0.071435  0.000309  0.203909  0.251671  0.290008   \n",
       "pv          0.372331   -0.100588  0.133441  0.872108  0.888859  0.889943   \n",
       "ps         -0.383942    0.091182 -0.128538 -0.771398 -0.775603 -0.766152   \n",
       "td          0.397036   -0.131728  0.162569  0.900997  0.913649  0.913293   \n",
       "pa         -0.383866    0.086020 -0.123521 -0.750630 -0.755638 -0.746835   \n",
       "dc10Tca     1.000000   -0.378379  0.394061  0.261530  0.258947  0.253096   \n",
       "clfmAbbrCd -0.378379    1.000000 -0.722741 -0.151002 -0.140361 -0.130352   \n",
       "lcsCh       0.394061   -0.722741  1.000000  0.158325  0.153426  0.148959   \n",
       "m005Te      0.261530   -0.151002  0.158325  1.000000  0.991966  0.976659   \n",
       "m01Te       0.258947   -0.140361  0.153426  0.991966  1.000000  0.992494   \n",
       "m02Te       0.253096   -0.130352  0.148959  0.976659  0.992494  1.000000   \n",
       "m03Te       0.251400   -0.124913  0.148795  0.964622  0.984812  0.996331   \n",
       "vs         -0.211142   -0.008604  0.021016  0.058069  0.054870  0.051633   \n",
       "ws          0.030093    0.021010 -0.013731  0.012630 -0.019496 -0.051001   \n",
       "wd         -0.191577    0.106591 -0.145050 -0.080746 -0.093077 -0.111519   \n",
       "rn          0.162981    0.052740 -0.039454  0.069153  0.075734  0.080767   \n",
       "rainy_day   0.325956    0.126300 -0.059932  0.099368  0.109226  0.117273   \n",
       "\n",
       "               m03Te        vs        ws        wd        rn  rainy_day  \n",
       "tm          0.092018  0.381531 -0.054757  0.000285 -0.007690  -0.039639  \n",
       "hm          0.311559 -0.397847 -0.240412 -0.233519  0.202732   0.373020  \n",
       "pv          0.890075 -0.079247 -0.082268 -0.140467  0.141210   0.216947  \n",
       "ps         -0.752438  0.104085 -0.093170  0.045258 -0.145839  -0.239686  \n",
       "td          0.910160 -0.111317 -0.102750 -0.185966  0.125079   0.204446  \n",
       "pa         -0.733176  0.113531 -0.098041  0.040877 -0.148221  -0.244836  \n",
       "dc10Tca     0.251400 -0.211142  0.030093 -0.191577  0.162981   0.325956  \n",
       "clfmAbbrCd -0.124913 -0.008604  0.021010  0.106591  0.052740   0.126300  \n",
       "lcsCh       0.148795  0.021016 -0.013731 -0.145050 -0.039454  -0.059932  \n",
       "m005Te      0.964622  0.058069  0.012630 -0.080746  0.069153   0.099368  \n",
       "m01Te       0.984812  0.054870 -0.019496 -0.093077  0.075734   0.109226  \n",
       "m02Te       0.996331  0.051633 -0.051001 -0.111519  0.080767   0.117273  \n",
       "m03Te       1.000000  0.059505 -0.067203 -0.127137  0.084344   0.122639  \n",
       "vs          0.059505  1.000000  0.124418  0.024144 -0.163462  -0.257490  \n",
       "ws         -0.067203  0.124418  1.000000  0.221925  0.055865   0.061197  \n",
       "wd         -0.127137  0.024144  0.221925  1.000000 -0.043261  -0.100197  \n",
       "rn          0.084344 -0.163462  0.055865 -0.043261  1.000000   0.487327  \n",
       "rainy_day   0.122639 -0.257490  0.061197 -0.100197  0.487327   1.000000  "
      ]
     },
     "execution_count": 32,
     "metadata": {},
     "output_type": "execute_result"
    }
   ],
   "source": [
    "asos_df.corr()"
   ]
  },
  {
   "cell_type": "code",
   "execution_count": 33,
   "id": "ab41984a",
   "metadata": {},
   "outputs": [],
   "source": [
    "hm_rainy_day_mean = asos_df.groupby('rainy_day')['hm'].mean()\n",
    "pv_rainy_day_mean = asos_df.groupby('rainy_day')['pv'].mean()\n",
    "dc10Tca_rainy_day_mean = asos_df.groupby('rainy_day')['dc10Tca'].mean()\n",
    "m03Te_rainy_day_mean = asos_df.groupby('rainy_day')['m03Te'].mean()\n",
    "Te_rainy_day_mean = asos_df.groupby('rainy_day')[['m005Te', 'm01Te', 'm02Te', 'm03Te']].mean()\n",
    "pa_rainy_day_mean = asos_df.groupby('rainy_day')['pa'].mean()\n",
    "ps_rainy_day_mean = asos_df.groupby('rainy_day')['ps'].mean()"
   ]
  },
  {
   "cell_type": "code",
   "execution_count": 34,
   "id": "343b5420",
   "metadata": {},
   "outputs": [],
   "source": [
    "# hm 습도\n",
    "# pv 증기압\n",
    "# td 이슬점온도\n",
    "# pa 현지기압\n",
    "# ps 해면기압\n",
    "# dc10Tca 전운량\n",
    "# clfmAbbrCd 운형\n",
    "# lcsCh 최저운고\n",
    "# m005Te 5cm 지중온도\n",
    "# m01Te 10cm 지중온도\n",
    "# m02Te\t20cm 지중온도\n",
    "# m03Te\t30cm 지중온도\n",
    "# vs\t시정\n",
    "# ws\t풍속\n",
    "# wd\t풍향\n",
    "# rn\t강수량\n",
    "# tm 시간"
   ]
  },
  {
   "cell_type": "code",
   "execution_count": 35,
   "id": "0998bb86",
   "metadata": {},
   "outputs": [
    {
     "data": {
      "text/plain": [
       "[Text(1, 0, '습도')]"
      ]
     },
     "execution_count": 35,
     "metadata": {},
     "output_type": "execute_result"
    },
    {
     "data": {
